Route 1: 0 5 16 2 2 0 (cost: 367.716) (time: 10.6929)
Route 2: 0 17 6 2 2 2 2 0 (cost: 346.222) (time: 10.6556)
Route 3: 0 2 2 2 2 2 2 2 18 13 0 (cost: 323.54) (time: 10.8385)
Route 4: 0 2 2 2 2 2 2 0 (cost: 273.964) (time: 8.34911)
Route 5: 0 0 3 3 3 3 3 3 3 3 8 3 7 3 3 3 0 (cost: 250.768) (time: 10.2692)
Route 6: 0 0 0 (cost: 0) (time: 0)
Route 7: 0 0 11 23 0 (cost: 207.657) (time: 6.19143)
Route 8: 0 0 22 19 14 10 15 0 (cost: 296.577) (time: 9.91442)
Route 9: 0 0 1 1 1 1 1 1 1 20 21 1 1 0 (cost: 309.827) (time: 10.9957)
Route 10: 0 0 1 1 1 1 1 1 1 1 1 1 4 12 1 0 (cost: 289.353) (time: 10.9838)
Route 11: 0 0 2 2 9 0 0 (cost: 385.713) (time: 10.6428)
Total cost: 3051.34
